NAME : city031
COMMENT : a comment by the user
TYPE : TSP
DIMENSION : 20
EDGE_WEIGHT_TYPE : EXPLICIT
EDGE_WEIGHT_FORMAT: FULL_MATRIX
EDGE_WEIGHT_SECTION
0 43468 81886 111148 109555 66648 65000 62402 62441 92619 109389 141757 15577 72791 110585 23770 66088 80479 129311 77805
43468 0 93640 76556 126651 76269 75430 53321 63934 83320 117590 138297 44878 82254 102390 62445 78881 120476 136187 74401
81886 93640 0 101943 33682 17383 18382 46353 31210 42575 27625 65998 66428 11499 48374 66493 15956 81304 47526 31070
111148 76556 101943 0 131605 91181 92029 62664 76962 62482 110278 104214 103047 93190 72107 119350 96624 167991 120974 70901
109555 126651 33682 131605 0 50656 51313 79836 64888 69356 25179 65482 94866 45138 66667 90100 47778 82364 34020 62482
66648 76269 17383 91181 50656 0 1876 31194 15377 38532 43366 76420 51070 6333 50830 54288 5523 81582 63137 22676
65000 75430 18382 92029 51313 1876 0 31470 15680 40157 44805 78252 49424 7812 52669 52434 4661 80084 64625 24133
62402 53321 46353 62664 79836 31194 31470 0 15820 31553 66068 85454 49165 35304 50569 61649 36098 105478 83686 21174
62441 63934 31210 76962 64888 15377 15680 15820 0 31862 53659 79713 47413 19849 48484 55665 20328 92667 72499 15683
92619 83320 42575 62482 69356 38532 40157 31553 31862 0 47964 55158 78271 37247 19148 87526 43673 119974 60870 16639
109389 117590 27625 110278 25179 43366 44805 66068 53659 47964 0 43268 93876 37038 42075 93934 43302 100423 19924 45765
141757 138297 65998 104214 65482 76420 78252 85454 79713 55158 43268 0 126367 71022 36620 130636 78807 143626 33270 65387
15577 44878 66428 103047 94866 51070 49424 49165 47413 78271 93876 126367 0 57218 95816 18038 50577 75626 113792 62963
72791 82254 11499 93190 45138 6333 7812 35304 19849 37247 37038 71022 57218 0 47438 59635 7916 82962 56829 22835
110585 102390 48374 72107 66667 50830 52669 50569 48484 19148 42075 36620 95816 47438 0 103459 55060 129439 49118 32854
23770 62445 66493 119350 90100 54288 52434 61649 55665 87526 93934 130636 18038 59635 103459 0 51958 58185 113646 71187
66088 78881 15956 96624 47778 5523 4661 36098 20328 43673 43302 78807 50577 7916 55060 51958 0 76316 63223 28083
80479 120476 81304 167991 82364 81582 80084 105478 92667 119974 100423 143626 75626 82962 129439 58185 76316 0 115619 104218
129311 136187 47526 120974 34020 63137 64625 83686 72499 60870 19924 33270 113792 56829 49118 113646 63223 115619 0 62691
77805 74401 31070 70901 62482 22676 24133 21174 15683 16639 45765 65387 62963 22835 32854 71187 28083 104218 62691 0
EOF
