NAME : city031
COMMENT : a comment by the user
TYPE : TSP
DIMENSION : 100
EDGE_WEIGHT_TYPE : EXPLICIT
EDGE_WEIGHT_FORMAT: FULL_MATRIX
EDGE_WEIGHT_SECTION
0 65009 13340 41595 55508 59577 103321 47870 49988 26364 83496 24907 38656 51667 76622 36846 17801 96038 31242 39717 103635 44523 27374 91756 18096 134368 19166 50913 29693 25878 49527 59020 23150 86246 38719 23195 20081 32158 117559 93837 42840 16186 121422 14655 51080 63420 80867 12960 23589 8111 60143 23732 30097 32136 113500 41520 26088 37842 36914 60463 66542 23522 23279 37869 28074 52929 24456 33554 67461 102808 43029 29153 44880 38835 14034 38702 20865 23038 51227 56078 46617 9691 16496 23827 102869 21591 7175 72894 108876 44625 50705 25270 73339 61145 59156 89382 28067 21922 22691 20178
65009 0 51722 48488 99773 53835 126536 36029 58417 41395 67122 53473 83823 54237 122254 52306 51364 78483 45418 96085 124458 25827 56112 95975 80022 106946 56513 112029 36512 50549 106415 32620 84791 85383 54764 42147 46918 73157 105246 98247 38448 80580 56541 75338 42076 51486 109443 64825 55538 69490 90738 58316 39500 75141 59942 45834 39578 72573 40338 115580 103364 61220 61003 78126 52575 34930 40740 85458 56966 167809 24674 47652 23998 66300 52928 43710 74768 49853 100909 98813 79282 55506 79839 52864 121020 52170 65555 111652 86846 105747 46528 78073 47878 67828 111518 123453 61910 46270 78031 48638
13340 51722 0 33237 62534 51295 104217 36692 43677 14039 75105 18709 44931 44156 83056 29833 9150 88001 21672 48924 106045 32468 22441 87793 29326 127431 15009 62358 16561 18147 59229 47320 35207 80948 32407 10561 8297 34094 111129 90002 33579 28976 108194 24932 40998 54369 84477 18278 18581 18405 61214 20298 19477 34954 101944 32443 12870 38074 26190 69727 69882 21751 21431 40280 21420 41606 11571 40485 60899 116089 29858 20305 32502 36505 5433 29017 29069 14564 58219 60824 47209 4708 28580 17263 102508 14433 14772 78979 102325 56869 41528 33439 62934 55773 67390 92749 25838 10649 31804 9985
41595 48488 33237 0 95618 18143 80584 13359 12213 21922 42078 16835 78079 11093 74289 5985 24647 54855 11739 54116 138258 46340 15605 56882 46404 147285 22741 72029 24806 15770 63541 23430 64423 48768 6934 34490 25297 28457 78036 59187 55859 50422 100342 42185 11410 21841 117337 51135 18553 39901 42295 19670 43302 30723 108044 2666 26549 25615 10529 70939 54890 21687 21706 31854 13704 17138 33576 42746 84663 133691 26202 12953 44683 18585 28921 5973 61460 18995 55002 51097 31058 37480 48028 17790 76580 20057 36678 112211 123805 85272 9388 65929 32727 24466 65872 75221 19168 22897 63810 23255
55508 99773 62534 95618 0 113747 155059 98492 105164 75770 137619 79720 17642 106315 119775 91602 70987 150468 84191 81559 54428 73955 82638 147144 63119 116840 74328 80672 76085 80025 87301 108139 37988 141744 93787 65030 70763 86064 172887 149189 61949 56773 149088 63732 103389 116903 30740 44490 78729 60825 113049 79171 61934 85424 124461 94959 72638 92367 88527 97474 116420 79022 78783 90948 82808 103123 66503 81826 62913 98365 87077 82671 75872 94212 66713 91549 34654 76645 96139 104628 100516 58150 59929 78453 156005 75847 62188 17822 92954 33653 104063 30239 124946 116599 99672 137970 83556 73154 33003 72435
59577 53835 51295 18143 113747 0 73031 20379 12473 39153 23948 34678 96191 8415 77606 22826 42790 36721 29643 66003 155492 59381 32709 43044 62525 158428 40511 84214 40939 33876 74215 21592 82178 33354 21502 51533 43222 40748 60520 45370 70666 67180 98351 58683 13322 5545 134997 69273 36161 57262 42793 36736 59435 42938 113362 18906 43391 35550 26401 79690 56223 38179 38281 41811 31510 19265 50435 54982 98764 147110 37490 31076 57381 28617 47064 22569 79596 37138 63171 56318 36640 55599 64529 35758 67202 38145 54298 130268 136072 102682 10378 84066 18745 14783 73746 72771 34603 40812 81919 41335
103321 126536 104217 80584 155059 73031 0 91008 68934 99383 70617 86639 140305 72541 46105 79405 95705 69270 89335 75410 206575 126638 82623 38069 91963 227706 89223 85267 103774 88452 73856 94623 117095 48309 76348 110706 99383 71249 62162 36821 134633 98291 169000 91812 84530 76433 183298 116277 86078 96088 43255 84002 120758 71187 186324 83124 104215 66260 90921 68407 38932 82485 82803 65453 84892 91605 110377 73243 163504 138091 106663 88635 125111 68175 98793 86451 122580 91715 61054 50962 57139 106275 95155 88075 9784 90738 96160 172866 203801 129501 80154 126402 85562 58709 62659 22245 78417 97603 123167 96385
47870 36029 36692 13359 98492 20379 91008 0 22403 22825 41254 25674 80864 18467 87558 18584 30079 54285 17176 66616 136951 39031 26221 63304 56376 138363 31105 84235 22742 23373 76317 11492 70995 53733 20241 33899 28467 41300 79696 65636 50658 59458 86983 51835 7066 20699 117340 54887 27838 48217 54927 29866 40410 43529 95938 10968 25941 38919 11001 84069 67822 32450 32372 45084 23180 5082 32568 55291 78463 144939 17112 19663 37010 31942 33934 10846 65748 25226 68267 64434 44315 41377 57491 25990 86076 27182 44510 114140 115767 92484 10976 70086 26454 32613 79129 87455 31065 26263 68494 27733
49988 58417 43677 12213 105164 12473 68934 22403 0 33722 34534 25470 87840 5087 67176 13848 34631 46457 23221 53530 149506 58457 22615 44872 50887 159268 30880 71742 36947 25536 61821 28971 71857 37309 11388 46233 36269 28345 67733 47160 68060 55889 107277 47303 16765 17931 128153 60822 26460 46633 33195 26360 55341 30512 118340 14498 38475 23080 22725 67602 46457 27260 27417 29368 22443 24120 45423 42518 96876 134647 37774 23726 56747 16169 38818 18171 70601 29113 51123 45000 24865 47524 53089 26785 64570 29496 44057 122160 135930 91774 12291 75068 31031 12398 61822 65194 23225 33950 72652 33828
26364 41395 14039 21922 75770 39153 99383 22825 33722 0 62487 13988 58129 32976 84627 20520 10054 75513 10542 54969 116445 28529 17728 78595 38944 128816 15375 70633 5330 11438 65369 33283 49058 70688 23547 12567 6293 34150 99624 80881 35266 40330 97721 34219 27710 41559 95855 32088 15551 28894 57822 18364 21773 35775 96414 20419 4870 35738 12917 74986 68489 21099 20824 39952 14774 27652 11701 44758 64187 127664 17393 10763 27568 31607 12529 16620 42981 9196 61312 61344 44254 18747 39121 12871 96452 11291 24913 91697 104516 70711 28936 47290 49229 46120 71503 90707 23256 4942 45791 7280
83496 67122 75105 42078 137619 23948 70617 41254 34534 62487 0 58589 120034 31912 88776 46675 66713 13063 53434 85785 178165 79117 56440 33432 85403 174050 64387 103702 63601 57824 92697 36232 105969 22468 45081 74559 66945 62057 38941 35298 91538 90413 99552 81833 35016 20941 158218 93171 60006 80900 54767 60405 81647 64061 123063 42663 66417 55981 49573 96233 67096 61616 61748 61626 55422 37961 73347 75473 118431 166895 57449 54977 76928 49964 70983 46151 103538 61067 80013 71037 54096 79473 87624 59692 62452 62094 78074 154009 153246 126217 33631 108007 19273 27608 89735 77517 57727 64538 105867 65184
24907 53473 18709 16835 79720 34678 86639 25674 25470 13988 58589 0 62370 26782 70700 11960 9575 71153 8863 42846 124728 42503 4018 69106 30707 142372 5909 59653 19223 2924 53068 37156 47596 62503 14081 24087 12744 20284 93201 71307 48330 34063 108905 26201 27188 38662 102979 35352 2223 23191 44345 4849 34208 22035 110081 17155 18366 21831 15231 62110 54600 7755 7552 25984 3168 30652 23853 32007 77007 119379 28799 6293 41555 18464 13528 15115 45224 5138 47783 47372 30552 22186 31923 1469 84370 4292 19858 96691 117827 68465 26138 49699 49279 37270 58206 76981 9267 11054 47394 9760
38656 83823 44931 78079 17642 96191 140305 80864 87840 58129 120034 62370 0 88843 107764 74189 53484 132910 66600 68987 66501 58064 65420 130401 48690 115580 57112 71429 58520 62559 76094 90597 25165 124649 76452 47521 53140 70104 155571 132490 47118 42588 135226 48493 85748 99288 43005 27029 61479 44702 97652 62083 45099 69686 114292 77371 55041 76178 70886 86846 102166 62130 61876 75337 65425 85517 49012 67523 54695 100755 69770 65126 59825 77491 49216 73936 17960 59137 83158 90686 84645 40599 45536 61072 140645 58421 45589 34344 90465 31537 86455 13910 107316 99443 88074 124335 66687 55535 17146 54859
51667 54237 44156 11093 106315 8415 72541 18467 5087 32976 31912 26782 88843 0 72231 14824 35362 44373 22820 58052 149350 55994 24529 46276 54113 156373 32516 76261 35562 26290 66559 24057 74057 37783 13196 45536 36333 32569 66999 48599 66291 58809 102318 50295 12215 13521 128400 61834 28117 49024 38094 28507 54145 34790 114176 12683 37532 27698 20929 72553 51414 29839 29951 34063 23630 19546 44584 46914 94899 138996 34712 23859 54168 20575 39627 16553 71951 29716 56099 50087 29931 48278 56137 27954 67696 30483 46162 123061 133358 94407 7719 76428 26369 14366 66830 69746 26197 33943 74170 34177
76622 122254 83056 74289 119775 77606 46105 87558 67176 84627 88776 70700 107764 72231 0 69971 76985 94013 77421 38803 173706 112943 67256 67060 60335 210356 70132 42019 89910 73449 32670 96000 82744 72027 67651 92442 81724 50484 98405 67414 116596 65758 174239 62315 83444 82887 149894 88728 69079 68513 34976 66285 102332 48969 180575 76852 88661 49777 81955 24047 21797 63653 63948 44741 70646 90569 92767 43127 143539 92194 98212 75536 112149 55985 78338 78589 91639 75461 25413 23488 43242 83135 63217 71757 52692 73547 70361 137064 185064 90030 79181 94552 95623 64214 20198 23913 61491 80903 91185 78869
36846 52306 29833 5985 91602 22826 79405 18584 13848 20520 46675 11960 74189 14824 69971 0 20820 59197 10056 48275 135687 47287 9966 58417 40569 148331 17711 66122 24458 11707 57820 29208 59351 51149 3067 32804 22479 22749 81421 60675 55601 44763 105333 36430 17390 27096 114306 47160 13338 34506 39328 14040 42293 24995 111295 7719 25379 20553 12274 65486 51346 15848 15891 26574 8817 22797 32122 36911 84540 127706 28793 10029 45847 13994 25039 8621 57163 15269 49761 46580 27028 33740 42286 13160 76089 15768 31475 108470 124424 79940 15163 61639 38513 26075 60607 72471 13183 20198 59354 19985
17801 51364 9150 24647 70987 42790 95705 30079 34631 10054 66713 9575 53484 35362 76985 20820 0 79500 13582 45457 115195 36207 13392 78643 28898 134384 6934 60710 14896 9116 55882 41301 40948 71855 23309 15668 4864 26858 102226 80852 40147 30516 107754 24170 33413 46213 93565 26497 9661 19039 52981 11769 25818 28101 105239 24177 12370 29962 19113 65800 62401 13777 13458 32985 12282 35146 15826 35712 68411 117714 27432 11750 35673 27676 4275 21086 36852 5657 52866 54125 39008 12930 29156 8120 93711 5288 15091 87706 109561 62404 33380 41313 55638 46657 62706 85101 17359 5115 39292 2791
96038 78483 88001 54855 150468 36721 69270 54285 46457 75513 13063 71153 132910 44373 94013 59197 79500 0 66333 95534 191218 91840 68800 31264 96967 185352 76880 113084 76665 70534 101655 48713 118268 22471 57403 87617 79882 72958 26767 32456 104414 102213 105710 93609 48080 33993 171275 105990 72470 93079 61721 72690 94690 74835 132497 55567 79473 66598 62605 104109 72903 73713 73866 71821 67996 50870 86409 85742 131023 176069 70311 67796 89626 61136 83775 59114 116262 73844 88342 78559 63483 92320 99331 72307 60205 74779 90405 166952 165096 138196 46614 120736 30904 37697 97434 79772 69650 77472 118526 78052
31242 45418 21672 11739 84191 29643 89335 17176 23221 10542 53434 8863 66600 22820 77421 10056 13582 66333 0 51473 126558 37561 10740 68084 39335 138495 13955 68465 14444 6265 61597 28653 54372 60340 13115 23012 13592 27739 89771 70365 45546 42282 100336 34741 19848 32751 105598 39792 11086 31056 48542 13534 32294 29730 103177 10771 15369 27694 6405 70329 59943 16376 16221 32853 7208 22239 22226 40454 74486 128172 20897 2578 36245 22412 17764 7503 50336 8226 55490 53938 35481 26068 40348 8918 86135 10029 27394 100627 114466 75679 19899 54780 42099 35617 66113 81651 16497 11184 52839 11772
39717 96085 48924 54116 81559 66003 75410 66616 53530 54969 85785 42846 68987 58052 38803 48275 45457 95534 51473 0 135116 81072 40896 78552 22143 174036 39633 18213 60168 45743 10425 77484 44064 77932 47426 59288 50271 25783 109592 79988 81964 27091 151750 25067 65413 71444 111340 50873 40694 31792 38323 38016 68283 23505 150497 55980 57825 30457 57528 20861 36603 35128 35307 24321 44334 71051 60015 11370 107154 81265 71475 48999 80806 37476 45278 55879 52919 46235 14676 24598 32067 47735 24771 43302 78203 43928 34566 99105 148504 54097 62327 55754 84420 58227 19707 56687 35594 50317 52388 47976
103635 124458 106045 138258 54428 155492 206575 136951 149506 116445 178165 124728 66501 149350 173706 135687 115195 191218 126558 135116 0 101974 128329 193834 115191 87442 120327 135100 114659 124118 141455 144040 91054 186808 138384 103968 113239 135748 216013 196035 88414 109073 159319 114849 143200 157335 23825 90847 124380 110538 163629 125614 96543 135559 122562 136864 112102 141454 129090 151792 168641 126269 125980 141274 127460 140651 105058 134019 69217 144587 121692 125795 104274 141728 111222 133056 84011 120508 149482 157188 150246 102695 112037 123295 206487 120471 110799 38897 71669 87415 145157 80311 162236 161746 153731 190831 130772 115574 83612 115715
44523 25827 32468 46340 73955 59381 126638 39031 58457 28529 79117 42503 58064 55994 112943 47287 36207 91840 37561 81072 101974 0 46249 102045 61730 101067 42900 94808 23449 39954 91456 43232 61296 92727 50324 21915 31367 62487 118016 104378 13632 60709 79062 57395 46063 59448 85133 41146 43948 50794 86037 46701 15161 63978 69499 43959 24285 64260 35839 101716 96991 49291 48996 68400 43181 41324 21071 71835 39474 146172 21955 38704 2303 59811 35802 40378 50217 37559 89071 89780 72673 34908 60749 41329 122912 39403 47240 86191 77473 81450 49452 53145 61474 70302 98867 119070 51766 32042 53489 34121
27374 56112 22441 15605 82638 32709 82623 26221 22615 17728 56440 4018 65420 24529 67256 9966 13392 68800 10740 40896 128329 46249 0 65555 30843 146323 8311 58171 22854 6296 50938 37546 49528 59253 11397 28105 16760 17108 90261 67734 52325 34837 111031 26582 26672 37061 106420 38482 3974 24560 40354 4080 38222 19035 113365 16538 22246 18010 16632 59589 50762 6263 6223 22520 3539 31006 27861 29779 81021 118791 31506 8470 45228 14449 17131 15380 48026 9138 44830 43846 26608 25654 32423 5454 80395 8190 21634 99765 121813 69992 24979 52486 48331 34028 55406 73058 5836 15058 50040 13767
91756 95975 87793 56882 147144 43044 38069 63304 44872 78595 33432 69106 130401 46276 67060 58417 78643 31264 68084 78552 193834 102045 65555 0 86794 201454 73694 94153 81681 69790 82045 63371 111116 11127 55588 91094 80860 61970 31939 2333 112565 92905 132923 84700 56248 44528 171955 103789 69523 86465 40473 68510 100174 63133 154334 58848 83341 55342 67155 81714 47999 68276 68535 58353 66394 62214 90296 71157 141149 155110 80341 68438 100130 52939 82622 62689 112593 73401 67837 56805 48527 91208 89712 70539 29290 73363 84958 164640 179072 128399 52607 116943 50544 32475 74929 49705 63717 78608 114145 78239
18096 80022 29326 46404 63119 62525 91963 56376 50887 38944 85403 30707 48690 54113 60335 40569 28898 96967 39335 22143 115191 61730 30843 86794 0 152024 25427 33100 43542 33071 31570 67863 25262 83350 41175 39875 33122 24951 115470 88635 60912 6375 136525 4730 57501 67330 91641 28729 28570 10936 50160 26845 47854 23661 131099 47359 40469 31647 45729 42598 53521 24725 24698 28654 33373 61360 40888 18846 85205 89029 56330 36782 61826 35933 27120 45774 31590 31930 35078 41998 38512 27055 3192 30426 92977 29682 14635 80938 126461 41817 55727 34938 79082 59696 41834 75661 27925 34001 31603 31685
134368 106946 127431 147285 116840 158428 227706 138363 159268 128816 174050 142372 115580 156373 210356 148331 134384 185352 138495 174036 87442 101067 146323 201454 152024 0 141307 182665 124126 140138 183559 138676 137188 191349 151378 118720 129995 161186 212083 203775 94236 148072 107085 149015 145354 157189 96039 123545 143428 142409 186626 145952 108570 162254 63218 144825 124119 164113 136843 194618 196765 148157 147838 167346 143575 139245 118690 167353 66918 214941 121661 139415 102622 160424 132389 141353 124703 137243 185202 188231 172924 127232 149727 141042 223835 138683 140154 111866 25631 146798 149282 123835 154823 170736 193522 219338 151403 131360 126671 133008
19166 56513 15009 22741 74328 40511 89223 31105 30880 15375 64387 5909 57112 32516 70132 17711 6934 76880 13955 39633 120327 42900 8311 73694 25427 141307 0 55688 20647 7735 50017 42594 41706 67547 19564 22599 11592 19925 98565 75852 47072 28380 112533 20801 33014 44560 98261 30199 4426 17340 46304 5336 32737 21199 111610 23034 18734 23199 20324 59620 55497 6894 6572 26052 9045 36145 22750 29402 75250 114390 32024 11442 42253 21593 9576 20805 39727 6757 46224 47206 32302 17661 26393 5172 87523 4416 13950 91457 116455 62557 32046 44191 55156 42331 56248 78233 10830 10965 41781 8783
50913 112029 62358 72029 80672 84214 85267 84235 71742 70633 103702 59653 71429 76261 42019 66122 60710 113084 68465 18213 135100 94808 58171 94153 33100 182665 55688 0 75607 62469 12162 95285 46680 94616 65440 72919 65315 43893 125738 95378 93678 35269 168217 37430 83388 89658 111360 59549 57443 44025 53717 54934 80911 41623 164199 73783 72850 48665 74700 18016 48464 52127 52263 42481 61486 88803 73882 29434 116452 63200 87696 65925 94851 55686 59676 73418 58276 62438 26411 37630 49684 60134 34421 59906 89696 60096 47590 97223 157034 48916 80418 59912 102629 76097 22698 64298 53182 65776 56755 63406
29693 36512 16561 24806 76085 40939 103774 22742 36947 5330 63601 19223 58520 35562 89910 24458 14896 76665 14444 60168 114659 23449 22854 81681 43542 124126 20647 75607 0 16564 70580 32084 51695 73325 27525 11171 10420 39446 101415 83989 31204 44473 92984 38844 28585 42703 94678 33534 20855 33171 62644 23677 18595 41092 91084 22885 3748 40850 14676 80267 73552 26425 26151 45207 19733 27123 9826 50048 60123 131886 13335 15310 22373 36405 16560 19019 44455 14520 66642 66595 49225 21076 43497 18158 100544 16618 29199 91469 100027 73337 30565 48601 49071 49269 76824 95635 28478 9871 47436 12235
25878 50549 18147 15770 80025 33876 88452 23373 25536 11438 57824 2924 62559 26290 73449 11707 9116 70534 6265 45743 124118 39954 6296 69790 33071 140138 7735 62469 16564 0 55979 34864 48855 62801 14271 22310 11228 23105 93110 72020 46271 36112 106012 28486 25452 37553 102624 35544 5053 24993 46491 7771 32305 24899 107255 15661 16021 24306 12668 65034 57050 10677 10470 28710 3582 28410 21926 34928 75068 121918 25874 3715 38935 20369 13355 13140 45729 3612 50670 50076 32839 22044 34119 2654 85920 4292 21446 96807 115708 69962 24828 50203 47678 37642 61114 79296 11958 9206 48046 8460
49527 106415 59229 63541 87301 74215 73856 76317 61821 65369 92697 53068 76094 66559 32670 57820 55882 101655 61597 10425 141455 91456 50938 82045 31570 183559 50017 12162 70580 55979 0 86971 50929 82749 56722 69638 60697 35088 113693 83247 92071 35715 161930 34976 74694 79729 117630 60080 50941 41769 41655 48223 78519 32829 160901 65538 68251 38888 67552 11103 36439 45322 45515 32497 54418 80611 70390 21160 116771 74414 81778 59158 91211 46129 55675 65684 61013 56585 14251 25468 38615 57867 33845 53579 77897 54288 44737 104471 157977 57445 71377 63423 92852 65116 12472 53472 45475 60734 60098 58396
59020 32620 47320 23430 108139 21592 94623 11492 28971 33283 36232 37156 90597 24057 96000 29208 41301 48713 28653 77484 144040 43232 37546 63371 67863 138676 42594 95285 32084 34864 86971 0 82072 52870 30296 43113 39266 51884 75155 65651 56145 70933 78313 63327 12657 18865 125369 65273 39310 59660 62142 41278 48030 54148 91811 21510 35638 48797 22390 94261 75428 43802 43739 55136 34607 6540 41655 66119 82310 156331 22355 31152 40989 41580 45006 22194 76198 36630 78163 73370 53067 52028 68983 37482 88693 38634 55920 123248 117263 103641 16818 80453 18290 36154 89031 93580 42132 37190 79053 38841
23150 84791 35207 64423 37988 82178 117095 70995 71857 49058 105969 47596 25165 74057 82744 59351 40948 118268 54372 44064 91054 61296 49528 111116 25262 137188 41706 46680 51695 48855 50929 82072 0 106792 60903 42960 42879 49233 138643 113050 54963 18888 140237 26487 74191 86258 67293 20161 46019 25270 75403 45586 46161 48305 126698 64515 47958 55794 60057 61695 78432 44628 44457 53620 50749 76044 44465 43853 72405 85575 64856 52232 62305 58767 37078 61808 12956 46154 58459 66659 63385 30619 22094 46649 118239 44598 27894 55776 111645 21664 73654 13402 96453 82204 62949 100094 48886 44886 10543 43268
86246 85383 80948 48768 141744 33354 48309 53733 37309 70688 22468 62503 124649 37783 72027 51149 71855 22471 60340 77932 186808 92727 59253 11127 83350 191349 67547 94616 73325 62801 82749 52870 106792 0 48546 83256 73569 58426 32158 13198 103772 89201 121842 80744 46676 34165 165419 97736 63214 81690 41435 62585 91917 59911 143402 50464 75300 51735 58660 83901 51412 62775 63003 55782 59591 52194 82341 69334 132066 156842 70845 61013 90735 48025 75988 54334 107089 66395 68863 58381 46367 84679 86090 63879 39990 66651 79754 158991 169314 125168 43380 111514 39457 25237 77127 57326 58284 71236 108889 71134
38719 54764 32407 6934 93787 21502 76348 20241 11388 23547 45081 14081 76452 13196 67651 3067 23309 57403 13115 47426 138384 50324 11397 55588 41175 151378 19564 65440 27525 14271 56722 30296 60903 48546 0 35764 25272 21677 79120 57834 58662 45691 107209 37225 17994 26157 116873 49433 15137 35829 36492 15324 45316 23953 113969 9297 28412 18688 15081 64014 48691 16679 16778 24919 11068 24060 35113 36063 87602 127460 31564 12959 48867 11742 27463 11100 59248 17878 48068 44355 24523 36167 43080 15400 73024 18130 33016 110771 127488 81212 15078 63719 38144 23371 58939 69612 13310 23035 61343 22677
23195 42147 10561 34490 65030 51533 110706 33899 46233 12567 74559 24087 47521 45536 92442 32804 15668 87617 23012 59288 103968 21915 28105 91094 39875 118720 22599 72919 11171 22310 69638 43113 42960 83256 35764 0 11385 42515 112049 93372 24485 39240 98352 35493 39566 53625 83659 23599 24864 28943 68355 27280 10183 43700 91407 32941 8155 45496 25138 80023 78051 29436 29118 48652 25891 38288 1555 50428 52943 125874 22664 22805 21952 42538 14226 29108 34320 18991 67972 69737 54454 13521 39036 22671 108223 20117 25334 80301 93945 64332 41223 38258 60241 58629 77446 100705 32802 13113 37442 14412
20081 46918 8297 25297 70763 43222 99383 28467 36269 6293 66945 12744 53140 36333 81724 22479 4864 79882 13592 50271 113239 31367 16760 80860 33122 129995 11592 65315 10420 11228 60697 39266 42879 73569 25272 11385 0 31448 103326 83106 35797 34185 103404 28425 32705 46150 92071 26576 13485 22809 56970 15957 21555 32784 100379 24322 7572 34144 17893 70654 66777 18255 17943 37521 14785 33424 11304 40576 64328 121580 23447 12562 30812 31209 6274 20803 37348 7729 57704 58765 43076 12931 33110 11310 97056 8734 18828 87070 105295 64513 33329 41730 54646 48555 67568 89371 21438 2410 40043 3029
32158 73157 34094 28457 86064 40748 71249 41300 28345 34150 62057 20284 70104 32569 50484 22749 26858 72958 27739 25783 135748 62487 17108 61970 24951 161186 19925 43893 39446 23105 35088 51884 49233 58426 21677 42515 31448 0 90567 63863 66967 30953 127605 22756 39671 46071 112808 45079 18598 25401 28012 15801 52625 2278 130358 30463 38202 6696 33164 42912 35787 13220 13524 6187 20623 45527 42672 14459 94928 106429 48598 25570 61666 12208 28896 30818 52153 24977 27751 27328 14544 35421 27781 21288 70738 23085 24982 103798 136253 66758 36545 56267 58869 35314 38413 58663 11274 30473 53220 28519
117559 105246 111129 78036 172887 60520 62162 79696 67733 99624 38941 93201 155571 66999 98405 81421 102226 26767 89771 109592 216013 118016 90261 31939 115470 212083 98565 125738 101415 93110 113693 75155 138643 32158 79120 112049 103326 90567 0 31172 130271 121269 129021 112773 73069 59007 195366 128547 94159 113437 72037 93827 119807 92068 158409 79237 103911 83881 86922 113647 79916 94282 94489 87907 90151 76751 110955 101364 157366 187034 96250 90853 115839 79931 106459 83004 138288 96619 99551 88622 78400 115155 118178 94502 52386 97178 111296 189881 191850 157283 70866 142746 57617 56498 106859 79027 89872 100931 140251 101162
93837 98247 90002 59187 149189 45370 36821 65636 47160 80881 35298 71307 132490 48599 67414 60675 80852 32456 70365 79988 196035 104378 67734 2333 88635 203775 75852 95378 83989 72020 83247 65651 113050 13198 57834 93372 83106 63863 31172 0 114886 94774 134839 86610 58580 46817 174114 105919 71698 88471 41788 70652 102474 64983 156532 61163 85633 57258 69472 82637 48787 70378 70639 60128 68613 64532 92581 72796 143477 156042 82674 70699 102463 55007 84816 65002 114662 75630 69014 57918 50280 93389 91574 72743 27807 75570 87012 166709 181403 130178 54940 119002 52656 34766 75864 49409 65818 80861 116187 80473
42840 38448 33579 55859 61949 70666 134633 50658 68060 35266 91538 48330 47118 66291 116596 55601 40147 104414 45546 81964 88414 13632 52325 112565 60912 94236 47072 93678 31204 46271 92071 56145 54963 103772 58662 24485 35797 66967 130271 114886 0 58515 88163 57124 57505 71343 71559 35669 49269 50321 92676 51744 14342 68089 71904 53753 30421 69942 45437 102825 102536 53921 53602 73118 49796 53576 24508 74030 28940 140537 34103 46029 15914 66640 38291 49948 42658 43192 91794 94111 78843 34228 59279 46959 131673 44516 47400 73211 69507 73447 60425 44725 74436 80296 100826 125168 57234 37276 45806 38821
16186 80580 28976 50422 56773 67180 98291 59458 55889 40330 90413 34063 42588 58809 65758 44763 30516 102213 42282 27091 109073 60709 34837 92905 6375 148072 28380 35269 44473 36112 35715 70933 18888 89201 45691 39240 34185 30953 121269 94774 58515 0 137106 8605 61219 71790 85465 24539 32062 11477 56531 30759 46217 29800 129610 51114 41114 37626 48574 46818 59766 29020 28937 34927 36966 64512 40428 25096 81488 87413 57633 39806 61040 41464 27935 49153 25882 34407 40736 48145 44761 25830 3232 33540 99351 32317 15434 74588 122457 36095 59807 28968 83140 65221 46732 81759 32690 35459 25607 33275
121422 56541 108194 100342 149088 98351 169000 86983 107277 97721 99552 108905 135226 102318 174239 105333 107754 105710 100336 151750 159319 79062 111031 132923 136525 107085 112533 168217 92984 106012 161930 78313 140237 121842 107209 98352 103404 127605 129021 134839 88163 137106 0 131828 90800 93834 150694 120081 111065 126031 140404 113735 94107 129737 43940 97914 96114 125847 94499 170501 153729 116628 116444 131899 107529 83684 97012 140791 91796 224215 80523 102773 77943 118926 109457 96890 129258 105790 155071 151344 131108 111833 136380 108488 161533 108130 122091 157469 98799 160496 95108 132040 83464 113052 165891 171102 116634 102641 132526 104998
14655 75338 24932 42185 63732 58683 91812 51835 47303 34219 81833 26201 48493 50295 62315 36430 24170 93609 34741 25067 114849 57395 26582 84700 4730 149015 20801 37430 38844 28486 34976 63327 26487 80744 37225 35493 28425 22756 112773 86610 57124 8605 131828 0 53165 63366 91489 26424 24100 6803 49337 22534 43783 21832 126843 43026 35807 29358 41123 45849 53872 20603 20544 27243 28953 56841 36453 19638 82113 93733 51602 32201 57421 32903 22473 41305 30855 27243 36906 42749 36934 23001 5859 25852 92328 25012 10160 81537 123510 44680 51548 34591 74908 56643 44521 76391 24131 29276 31358 26957
51080 42076 40998 11410 103389 13322 84530 7066 16765 27710 35016 27188 85748 12215 83444 17390 33413 48080 19848 65413 143200 46063 26672 56248 57501 145354 33014 83388 28585 25452 74694 12657 74191 46676 17994 39566 32705 39671 73069 58580 57505 61219 90800 53165 0 14135 123220 59272 29156 50354 49908 30657 46769 41948 101999 10142 31441 36250 14862 81736 63081 32880 32871 42624 24254 7360 38336 54047 85467 145093 24170 21967 44059 28998 37540 12383 69976 28043 65568 60727 40427 45573 58968 27860 79353 29638 46888 119407 122824 95404 4506 74388 22262 25905 76430 81906 30568 30354 72565 31415
63420 51486 54369 21841 116903 5545 76433 20699 17931 41559 20941 38662 99288 13521 82887 27096 46213 33993 32751 71444 157335 59448 37061 44528 67330 157189 44560 89658 42703 37553 79729 18865 86258 34165 26157 53625 46150 46071 59007 46817 71343 71790 93834 63366 14135 0 137281 72543 40305 61590 47988 41132 60893 48282 110446 22036 45479 41007 28641 85235 61399 42776 42854 47298 35514 18244 52423 60372 98922 152485 37512 34471 57349 34003 50457 25353 83057 40618 68715 61790 42177 58817 69224 39631 70116 41846 58469 133159 135317 107016 12852 87511 13200 19313 79283 77310 39425 43752 85497 44524
80867 109443 84477 117337 30740 134997 183298 117340 128153 95855 158218 102979 43005 128400 149894 114306 93565 171275 105598 111340 23825 85133 106420 171955 91641 96039 98261 111360 94678 102624 117630 125369 67293 165419 116873 83659 92071 112808 195366 174114 71559 85465 150694 91489 123220 137281 0 68310 102447 87463 140539 103473 77344 112505 118486 116156 91802 118693 108712 127979 145150 103915 103638 118192 105838 121392 84887 110486 58934 124583 103114 104602 87376 119397 89458 112432 60763 99039 125746 133609 127346 80798 88471 101578 183495 98786 87981 17170 75272 64101 124784 56898 143279 140219 129908 167212 108458 94457 60152 94352
12960 64825 18278 51135 44490 69273 116277 54887 60822 32088 93171 35352 27029 61834 88728 47160 26497 105990 39792 50873 90847 41146 38482 103789 28729 123545 30199 59549 33534 35544 60080 65273 20161 97736 49433 23599 26576 45079 128547 105919 35669 24539 120081 26424 59272 72543 68310 0 34522 20633 73082 35291 26002 45095 107564 50540 29825 50622 44468 71170 79422 35611 35336 50827 38398 59741 25149 45946 56966 105324 46141 38199 42144 51089 22223 47218 10933 32155 63326 68784 59488 13728 26241 34045 115739 31392 20116 61338 97938 40955 59691 15201 81197 72506 70559 102217 40160 28918 13915 28019
23589 55538 18581 18553 78729 36161 86078 27838 26460 15551 60006 2223 61479 28117 69079 13338 9661 72470 11086 40694 124380 43948 3974 69523 28570 143428 4426 57443 20855 5053 50941 39310 46019 63214 15137 24864 13485 18598 94159 71698 49269 32062 111065 24100 29156 40305 102447 34522 0 21350 43498 2840 35040 20245 111865 19062 19693 20684 17450 60071 53394 5703 5471 24451 4908 32796 24761 29920 77799 117177 30869 8516 43082 18015 13222 17209 44142 6391 45907 45835 29591 21693 29855 2728 84052 4753 18167 95821 118773 66728 27917 48609 51155 37984 56259 75914 7975 12101 46208 10456
8111 69490 18405 39901 60825 57262 96088 48217 46633 28894 80900 23191 44702 49024 68513 34506 19039 93079 31056 31792 110538 50794 24560 86465 10936 142409 17340 44025 33171 24993 41769 59660 25270 81690 35829 28943 22809 25401 113437 88471 50321 11477 126031 6803 50354 61590 87463 20633 21350 0 53100 20526 37016 25043 120179 40346 29921 31559 37272 52612 58835 19377 19215 30743 26235 53290 29974 25469 75492 98780 46239 28639 50895 33707 16612 38123 26755 23047 43116 48155 39942 16218 10348 22503 96032 21035 3982 78494 116939 45434 49268 30876 72470 56963 51118 81596 23618 24002 27872 21802
60143 90738 61214 42295 113049 42793 43255 54927 33195 57822 54767 44345 97652 38094 34976 39328 52981 61721 48542 38323 163629 86037 40354 40473 50160 186626 46304 53717 62644 46491 41655 62142 75403 41435 36492 68355 56970 28012 72037 41788 92676 56531 140404 49337 49908 47988 140539 73082 43498 53100 0 41212 78518 28070 150326 44960 62507 23140 51567 42537 13432 39469 39790 22356 43053 57229 68189 32366 121296 115432 68054 47341 84779 26240 55821 47513 79780 49483 27549 16963 14006 63086 53313 45722 43003 48238 52971 130863 162168 90299 45470 83749 60651 29249 35797 33150 35624 55399 80591 53942
23732 58316 20298 19670 79171 36736 84002 29866 26360 18364 60405 4849 62083 28507 66285 14040 11769 72690 13534 38016 125614 46701 4080 68510 26845 145952 5336 54934 23677 7771 48223 41278 45586 62585 15324 27280 15957 15801 93827 70652 51744 30759 113735 22534 30657 41132 103473 35291 2840 20526 41212 0 37463 17416 114702 20514 22424 18222 19792 57274 50822 2906 2708 21714 6689 34741 27261 27157 80152 115072 33642 11011 45865 16257 14867 19086 44521 9178 43067 43080 27241 22982 28366 5568 82211 7338 17716 96417 121225 65948 29050 48960 52397 37430 53427 73426 5595 14750 46423 12949
30097 39500 19477 43302 61934 59435 120758 40410 55341 21773 81647 34208 45099 54145 102332 42293 25818 94690 32294 68283 96543 15161 38222 100174 47854 108570 32737 80911 18595 32305 78519 48030 46161 91917 45316 10183 21555 52625 119807 102474 14342 46217 94107 43783 46769 60893 77344 26002 35040 37016 78518 37463 0 53751 83404 41462 16924 55679 33271 89122 88218 39595 39276 58778 35871 44177 10380 59952 42798 131045 25873 32441 16167 52624 23995 37593 35377 29087 77646 79778 64631 20805 46555 32808 118106 30289 33795 75835 83763 66538 49057 38578 65970 67716 86867 110886 42984 23174 38651 24584
32136 75141 34954 30723 85424 42938 71187 43529 30512 35775 64061 22035 69686 34790 48969 24995 28101 74835 29730 23505 135559 63978 19035 63133 23661 162254 21199 41623 41092 24899 32829 54148 48305 59911 23953 43700 32784 2278 92068 64983 68089 29800 129737 21832 41948 48282 112505 45095 20245 25043 28070 17416 53751 0 132101 32712 39701 8284 35261 40764 35044 14703 14992 5734 22569 47782 43926 12189 95851 104206 50541 27505 63215 14348 29870 33006 51769 26580 25801 26036 15110 36001 26593 22962 70990 24599 24984 103194 137243 65380 38822 55807 61109 37152 36383 57969 13233 31935 52703 29905
113500 59942 101944 108044 124461 113362 186324 95938 118340 96414 123063 110081 114292 114176 180575 111295 105239 132497 103177 150497 122562 69499 113365 154334 131099 63218 111610 164199 91084 107255 160901 91811 126698 143402 113969 91407 100379 130358 158409 156532 71904 129610 43940 126843 101999 110446 118486 107564 111865 120179 150326 114702 83404 132101 0 105377 92925 130869 99043 171024 162640 117492 117223 135878 109941 94792 90563 140937 61776 212151 82557 105039 69690 125152 105226 102877 114088 105592 157726 157104 138281 104089 129935 109143 180498 107698 116702 128673 56295 143903 106463 115557 104202 127635 167858 183233 119172 100650 117102 102901
41520 45834 32443 2666 94959 18906 83124 10968 14498 20419 42663 17155 77371 12683 76852 7719 24177 55567 10771 55980 136864 43959 16538 58848 47359 144825 23034 73783 22885 15661 65538 21510 64515 50464 9297 32941 24322 30463 79237 61163 53753 51114 97914 43026 10142 22036 116156 50540 19062 40346 44960 20514 41462 32712 105377 0 24886 27955 8316 73134 57535 22763 22747 34118 14153 15078 31948 44620 82484 135131 23596 12442 42260 21032 28421 3870 61021 18597 57299 53614 33640 36824 48835 17929 79015 19934 36969 111386 121433 85562 9209 65476 32124 26553 68162 77886 20680 21911 63465 22528
26088 39578 12870 26549 72638 43391 104215 25941 38475 4870 66417 18366 55041 37532 88661 25379 12370 79473 15369 57825 112102 24285 22246 83341 40469 124119 18734 72850 3748 16021 68251 35638 47958 75300 28412 8155 7572 38202 103911 85633 30421 41114 96114 35807 31441 45479 91802 29825 19693 29921 62507 22424 16924 39701 92925 24886 0 40198 16990 78150 72967 25008 24713 44135 19468 30487 7064 48014 59330 128502 16988 15622 23536 36334 13353 21033 40752 13322 64957 65504 48848 17343 40269 17122 101320 15117 25977 88201 99740 69595 33072 44922 52369 50867 74951 95303 27582 7786 43717 9979
37842 72573 38074 25615 92367 35550 66260 38919 23080 35738 55981 21831 76178 27698 49777 20553 29962 66598 27694 30457 141454 64260 18010 55342 31647 164113 23199 48665 40850 24306 38888 48797 55794 51735 18688 45496 34144 6696 83881 57258 69942 37626 125847 29358 36250 41007 118693 50622 20684 31559 23140 18222 55679 8284 130869 27955 40198 0 32235 45486 32769 16338 16660 6420 21172 42688 45439 19596 98369 111651 48435 25941 63222 7290 32687 29125 58218 26918 29396 26290 9139 40017 34464 23108 65163 25432 30711 110053 139437 73454 32659 62412 54046 28902 40269 55230 12710 32763 59432 31121
36914 40338 26190 10529 88527 26401 90921 11001 22725 12917 49573 15231 70886 20929 81955 12274 19113 62605 6405 57528 129090 35839 16632 67155 45729 136843 20324 74700 14676 12668 67552 22390 60057 58660 15081 25138 17893 33164 86922 69472 45437 48574 94499 41123 14862 28641 108712 44468 17450 37272 51567 19792 33271 35261 99043 8316 16990 32235 0 76011 63609 22573 22441 37851 13223 16083 24034 46391 74180 134576 16519 8978 34221 26130 23052 4556 55230 14243 60828 58492 39242 30809 46700 15322 87072 16258 33533 104583 113289 81509 16088 59621 36772 34865 71562 84693 22137 15580 57884 16853
60463 115580 69727 70939 97474 79690 68407 84069 67602 74986 96233 62110 86846 72553 24047 65486 65800 104109 70329 20861 151792 101716 59589 81714 42598 194618 59620 18016 80267 65034 11103 94261 61695 83901 64014 80023 70654 42912 113647 82637 102825 46818 170501 45849 81736 85235 127979 71170 60071 52612 42537 57274 89122 40764 171024 73134 78150 45486 76011 0 34012 54374 54599 39125 63122 88074 80701 30232 127800 73405 90907 67991 101367 52753 65920 73717 72042 65997 16524 25585 43119 68596 44930 62770 73619 63757 55427 114401 169045 66585 78093 74361 98435 69054 6796 46884 53899 70503 71052 68205
66542 103364 69882 54890 116420 56223 38932 67822 46457 68489 67096 54600 102166 51414 21797 51346 62401 72903 59943 36603 168641 96991 50762 47999 53521 196765 55497 48464 73552 57050 36439 75428 78432 51412 48691 78051 66777 35787 79916 48787 102536 59766 153729 53872 63081 61399 145150 79422 53394 58835 13432 50822 88218 35044 162640 57535 72967 32769 63609 34012 0 48623 48943 29601 53822 70361 78081 34678 130691 107345 80122 58440 95900 37593 64668 59791 84713 59677 22661 12041 24466 71043 56701 55867 41735 58121 59553 134194 171953 90633 58686 88330 73984 42515 27318 22931 45428 65494 85032 63771
23522 61220 21751 21687 79022 38179 82485 32450 27260 21099 61616 7755 62130 29839 63653 15848 13777 73713 16376 35128 126269 49291 6263 68276 24725 148157 6894 52127 26425 10677 45322 43802 44628 62775 16679 29436 18255 13220 94282 70378 53921 29020 116628 20603 32880 42776 103915 35611 5703 19377 39469 2906 39595 14703 117492 22763 25008 16338 22573 54374 48623 0 322 19265 9372 37261 29521 24251 82144 112531 36546 13876 48512 15482 16352 21620 44387 11904 40247 40548 25463 23957 26463 8422 80994 9896 17014 96408 123335 64602 31001 48783 54359 37787 50563 71342 4559 17259 46116 15305
23279 61003 21431 21706 78783 38281 82803 32372 27417 20824 61748 7552 61876 29951 63948 15891 13458 73866 16221 35307 125980 48996 6223 68535 24698 147838 6572 52263 26151 10470 45515 43739 44457 63003 16778 29118 17943 13524 94489 70639 53602 28937 116444 20544 32871 42854 103638 35336 5471 19215 39790 2708 39276 14992 117223 22747 24713 16660 22441 54599 48943 322 0 19578 9260 37198 29206 24460 81822 112592 36331 13709 48223 15763 16030 21550 44144 11632 40510 40853 25784 23649 26402 8181 81304 9607 16806 96160 123014 64475 31034 48544 54394 37998 50812 71663 4825 16960 45886 14997
37869 78126 40280 31854 90948 41811 65453 45084 29368 39952 61626 25984 75337 34063 44741 26574 32985 71821 32853 24321 141274 68400 22520 58353 28654 167346 26052 42481 45207 28710 32497 55136 53620 55782 24919 48652 37521 6187 87907 60128 73118 34927 131899 27243 42624 47298 118192 50827 24451 30743 22356 21714 58778 5734 135878 34118 44135 6420 37851 39125 29601 19265 19578 0 25940 48972 48778 13921 101115 105585 53743 30859 67516 13708 35082 35033 57441 30841 23189 21392 9871 41543 31697 27088 65312 29047 30715 108738 142432 70050 39072 61445 60381 34211 34045 52486 16751 36456 58317 34564
28074 52575 21420 13704 82808 31510 84892 23180 22443 14774 55422 3168 65425 23630 70646 8817 12282 67996 7208 44334 127460 43181 3539 66394 33373 143575 9045 61486 19733 3582 54418 34607 50749 59591 11068 25891 14785 20623 90151 68613 49796 36966 107529 28953 24254 35514 105838 38398 4908 26235 43053 6689 35871 22569 109941 14153 19468 21172 13223 63122 53822 9372 9260 25940 0 28074 25494 33266 78618 121758 27977 4947 42081 16866 16399 12427 48347 7089 48358 47203 29503 25100 34731 4355 82337 7063 22973 99730 119200 71570 23041 52823 46250 34380 58943 75943 9350 12789 50540 11957
